H 0 5 2
H 1 11 2
H 2 11 2
H 3 11 2
H 4 11 2
H 5 11 2
H 6 11 2
H 7 11 2
H 8 11 2
H 9 11 2
H 10 11 2
H 11 11 2
H 12 11 2
H 13 11 2
H 14 11 2
H 15 11 2
H 16 11 2
H 3560964061 11 2
H 3560964062 11 2
H 3560964063 11 2
H 3560964065 11 2
H 3560964066 11 2
H 3560964067 11 2
H 3560964068 11 2
H 3560964069 11 2
H 3560964070 11 2
H 3569352661 11 2
H 3569352662 11 2
H 3569352663 11 2
H 3569352664 11 2
H 3569352665 11 2
H 3569352666 11 2
H 3569352667 11 2
H 3569352668 11 2
H 3569352669 11 2
H 3569352670 11 2
H 3569352671 11 2
H 3569352672 11 2
H 3569352676 11 2
H 3569352677 11 2
H 3569352678 11 2
H 3569352679 11 2
H 3569352680 11 2
